Mean	Median	Mode	ESS	HDImass	HDIlow	HDIhigh	CompVal	PcntGtCompVal	ROPElow	ROPEhigh	PcntLtROPE	PcntInROPE	PcntGtROPE
b0	3.0082546172	3.00825	3.00766389905573	24110.4	0.95	2.99409	3.0219	NA	NA	NA	NA	NA	NA	NA
b1[1] Gridded	-0.051850611476	-0.0518637	-0.0515573052851976	12419.9	0.95	-0.0654246	-0.0384779	NA	NA	NA	NA	NA	NA	NA
b1[2] Random	0.051850611476	0.0518637	0.0515573052851976	12419.9	0.95	0.0384779	0.0654246	NA	NA	NA	NA	NA	NA	NA
b2[1] Center	-0.084008929978	-0.08401555	-0.0837446250665302	11195.7	0.95	-0.0975399	-0.0708232	NA	NA	NA	NA	NA	NA	NA
b2[2] Periphery	0.084008929978	0.08401555	0.0837446250665302	11195.7	0.95	0.0708232	0.0975399	NA	NA	NA	NA	NA	NA	NA
b3[1]	-0.344184698	-0.344153	-0.34429410975253	17110.2	0.95	-0.361417	-0.327026	NA	NA	NA	NA	NA	NA	NA
b3[2]	0.071335504238	0.0713169	0.0705516368574713	14359.1	0.95	0.0530735	0.0898844	NA	NA	NA	NA	NA	NA	NA
b3[3]	0.27284919556	0.272826	0.273116950567243	17365.2	0.95	0.251271	0.29494	NA	NA	NA	NA	NA	NA	NA
b4[1]	-0.19506980956	-0.1950605	-0.193914289161867	19432	0.95	-0.213466	-0.177268	NA	NA	NA	NA	NA	NA	NA
b4[2]	-0.084810920468	-0.08477385	-0.0840141294117986	23581.8	0.95	-0.105369	-0.0638125	NA	NA	NA	NA	NA	NA	NA
b4[3]	0.0594779777634	0.0594717	0.0594567857436515	16800.7	0.95	0.0354163	0.0838278	NA	NA	NA	NA	NA	NA	NA
b4[4]	0.22040275048	0.2203015	0.219574593917304	21225.8	0.95	0.191763	0.249302	NA	NA	NA	NA	NA	NA	NA
b1b2b3b4[1,1,1,1]	0.219578116136	0.219522	0.220226436815969	21293	0.95	0.172187	0.267775	NA	NA	NA	NA	NA	NA	NA
b1b2b3b4[2,1,1,1]	0.22078697827	0.220792	0.219315880251064	27037.5	0.95	0.167062	0.271994	NA	NA	NA	NA	NA	NA	NA
b1b2b3b4[1,2,1,1]	0.088053479974202	0.0880514	0.0876271536252985	26947.7	0.95	0.0324112	0.142441	NA	NA	NA	NA	NA	NA	NA
b1b2b3b4[2,2,1,1]	0.0615775244463758	0.0614729	0.062576461790366	26382	0.95	0.00865028	0.11649	NA	NA	NA	NA	NA	NA	NA
b1b2b3b4[1,1,2,1]	0.0135007442134515	0.01335685	0.0139174709319415	30132.2	0.95	-0.0324311	0.0590853	NA	NA	NA	NA	NA	NA	NA
b1b2b3b4[2,1,2,1]	-0.0935491292952	-0.09349725	-0.0913389707181356	11795.3	0.95	-0.13423	-0.0531963	NA	NA	NA	NA	NA	NA	NA
b1b2b3b4[1,2,2,1]	-0.12452990777386	-0.124832	-0.123046571075356	24688.6	0.95	-0.17805	-0.0701171	NA	NA	NA	NA	NA	NA	NA
b1b2b3b4[2,2,2,1]	-0.16821692815	-0.1682065	-0.1677483313442	15529.5	0.95	-0.211356	-0.125065	NA	NA	NA	NA	NA	NA	NA
b1b2b3b4[1,1,3,1]	0.0661084908549854	0.06610365	0.0691736849756882	30528.6	0.95	-0.012062	0.147198	NA	NA	NA	NA	NA	NA	NA
b1b2b3b4[2,1,3,1]	-0.1171668149106	-0.1171845	-0.113248045781466	27051.9	0.95	-0.177273	-0.0597403	NA	NA	NA	NA	NA	NA	NA
b1b2b3b4[1,2,3,1]	-0.10972730267842	-0.11016	-0.111242048776254	28224.4	0.95	-0.178158	-0.039618	NA	NA	NA	NA	NA	NA	NA
b1b2b3b4[2,2,3,1]	-0.0564152523904836	-0.0564372	-0.054708622975232	28527.1	0.95	-0.120479	0.0101898	NA	NA	NA	NA	NA	NA	NA
b1b2b3b4[1,1,1,2]	0.188068374474	0.188278	0.19094183358959	22833.3	0.95	0.131163	0.241507	NA	NA	NA	NA	NA	NA	NA
b1b2b3b4[2,1,1,2]	0.11575877820434	0.1158325	0.1169369852507	29011.8	0.95	0.061278	0.173706	NA	NA	NA	NA	NA	NA	NA
b1b2b3b4[1,2,1,2]	0.0347423691461394	0.03446635	0.0313027466295581	30227.9	0.95	-0.0296764	0.0999878	NA	NA	NA	NA	NA	NA	NA
b1b2b3b4[2,2,1,2]	0.0190848928479753	0.0191124	0.017834567745259	30270.6	0.95	-0.048311	0.0896821	NA	NA	NA	NA	NA	NA	NA
b1b2b3b4[1,1,2,2]	-0.0817109477597	-0.0819798	-0.0845644463118798	24172.1	0.95	-0.13054	-0.0343813	NA	NA	NA	NA	NA	NA	NA
b1b2b3b4[2,1,2,2]	-0.091363714052718	-0.0916463	-0.0918528935326829	24956.4	0.95	-0.15113	-0.0323484	NA	NA	NA	NA	NA	NA	NA
b1b2b3b4[1,2,2,2]	-0.070323617845346	-0.0703448	-0.0711960346119874	28214.9	0.95	-0.123892	-0.0148094	NA	NA	NA	NA	NA	NA	NA
b1b2b3b4[2,2,2,2]	0.0006206752227016	0.000347032	-0.00303659012961047	30018.3	0.95	-0.0704818	0.0752903	NA	NA	NA	NA	NA	NA	NA
b1b2b3b4[1,1,3,2]	-0.081252464198604	-0.08219845	-0.0857105694350525	28480.9	0.95	-0.171185	0.0103667	NA	NA	NA	NA	NA	NA	NA
b1b2b3b4[2,1,3,2]	-0.0946842573988066	-0.09550905	-0.0967947609310213	26322.9	0.95	-0.187544	-0.00174903	NA	NA	NA	NA	NA	NA	NA
b1b2b3b4[1,2,3,2]	0.127653102288178	0.1279735	0.132828436081325	26475.1	0.95	0.0469162	0.211917	NA	NA	NA	NA	NA	NA	NA
b1b2b3b4[2,2,3,2]	-0.0665931898423171	-0.0671825	-0.0707652252452259	29568.7	0.95	-0.143816	0.0133872	NA	NA	NA	NA	NA	NA	NA
b1b2b3b4[1,1,1,3]	0.0386530025778843	0.03848305	0.0364607703564588	27377.3	0.95	-0.0214267	0.101495	NA	NA	NA	NA	NA	NA	NA
b1b2b3b4[2,1,1,3]	-0.06673671958202	-0.0665987	-0.0682766174508786	22629.8	0.95	-0.117032	-0.0166134	NA	NA	NA	NA	NA	NA	NA
b1b2b3b4[1,2,1,3]	-0.066481200555351	-0.06659105	-0.0664596310564367	27534.5	0.95	-0.125321	-0.0115993	NA	NA	NA	NA	NA	NA	NA
b1b2b3b4[2,2,1,3]	-0.236517995946	-0.2368675	-0.233347136349512	26803.7	0.95	-0.302909	-0.169257	NA	NA	NA	NA	NA	NA	NA
b1b2b3b4[1,1,2,3]	-0.088130162229424	-0.08835805	-0.0911930161914726	29852.5	0.95	-0.150017	-0.023665	NA	NA	NA	NA	NA	NA	NA
b1b2b3b4[2,1,2,3]	0.018585936919896	0.01839385	0.0181568564931726	29408.6	0.95	-0.081781	0.119069	NA	NA	NA	NA	NA	NA	NA
b1b2b3b4[1,2,2,3]	0.0322729234768085	0.0324653	0.0293333901332851	29559.8	0.95	-0.0486377	0.1134	NA	NA	NA	NA	NA	NA	NA
b1b2b3b4[2,2,2,3]	0.12675144840806	0.126567	0.124525760291583	30331	0.95	0.0481868	0.209571	NA	NA	NA	NA	NA	NA	NA
b1b2b3b4[1,1,3,3]	-0.0338834425632334	-0.0347616	-0.0370928320432591	25331.7	0.95	-0.16194	0.0971909	NA	NA	NA	NA	NA	NA	NA
b1b2b3b4[2,1,3,3]	0.0580231586958204	0.057677	0.0615498096776876	27600.7	0.95	-0.0620608	0.180163	NA	NA	NA	NA	NA	NA	NA
b1b2b3b4[1,2,3,3]	0.126934291365572	0.1268045	0.130032314136186	29441.6	0.95	0.0260781	0.225702	NA	NA	NA	NA	NA	NA	NA
b1b2b3b4[2,2,3,3]	0.0905287601140872	0.0905516	0.091916445960888	29419.9	0.95	0.00222864	0.177881	NA	NA	NA	NA	NA	NA	NA
b1b2b3b4[1,1,1,4]	-0.0012044108045166	-0.00132567	-0.00372031194284214	28380.7	0.95	-0.0808194	0.0788772	NA	NA	NA	NA	NA	NA	NA
b1b2b3b4[2,1,1,4]	-0.14836225730134	-0.148557	-0.1540317928959	28070.7	0.95	-0.226957	-0.0683144	NA	NA	NA	NA	NA	NA	NA
b1b2b3b4[1,2,1,4]	-0.180001440798862	-0.179812	-0.182797529909564	25292.7	0.95	-0.273438	-0.0830234	NA	NA	NA	NA	NA	NA	NA
b1b2b3b4[2,2,1,4]	-0.286999497366	-0.2872445	-0.290370232293664	26345.4	0.95	-0.368919	-0.203694	NA	NA	NA	NA	NA	NA	NA
b1b2b3b4[1,1,2,4]	-0.0434234507440665	-0.04382045	-0.0428768166378048	29254.9	0.95	-0.127243	0.0402317	NA	NA	NA	NA	NA	NA	NA
b1b2b3b4[2,1,2,4]	0.1764950609151	0.1763765	0.173661007461426	21943.3	0.95	0.0409391	0.314265	NA	NA	NA	NA	NA	NA	NA
b1b2b3b4[1,2,2,4]	-0.067374641230334	-0.06725795	-0.0619118649410183	29625.3	0.95	-0.154461	0.0177883	NA	NA	NA	NA	NA	NA	NA
b1b2b3b4[2,2,2,4]	0.4603957138	0.461334	0.460773436886181	21028.9	0.95	0.352871	0.565856	NA	NA	NA	NA	NA	NA	NA
b1b2b3b4[1,1,3,4]	-0.127436203384254	-0.1276595	-0.122977094312724	26108.2	0.95	-0.259872	0.00115015	NA	NA	NA	NA	NA	NA	NA
b1b2b3b4[2,1,3,4]	-0.046654665319676	-0.04682595	-0.0450187314988666	26703.1	0.95	-0.175217	0.0824922	NA	NA	NA	NA	NA	NA	NA
b1b2b3b4[1,2,3,4]	0.139914298782128	0.1400915	0.139259176905545	28891.3	0.95	0.0233604	0.255767	NA	NA	NA	NA	NA	NA	NA
b1b2b3b4[2,2,3,4]	0.124651497977163	0.1249675	0.124792850899088	30474.4	0.95	0.0200579	0.225565	NA	NA	NA	NA	NA	NA	NA
m[1,1,1,1]	2.5527187002	2.55266	2.55299795449403	32390.9	0.95	2.50533	2.59828	NA	NA	NA	NA	NA	NA	NA
m[2,1,1,1]	2.657628795	2.65769	2.65581503336231	32003.5	0.95	2.60234	2.71178	NA	NA	NA	NA	NA	NA	NA
m[1,2,1,1]	2.5892119352	2.58894	2.5866775821674	33339.8	0.95	2.53493	2.64482	NA	NA	NA	NA	NA	NA	NA
m[2,2,1,1]	2.6664371934	2.66639	2.66693959925844	31180.7	0.95	2.61156	2.72093	NA	NA	NA	NA	NA	NA	NA
m[1,1,2,1]	2.7621615174	2.76198	2.75890683016977	34862.2	0.95	2.71784	2.80654	NA	NA	NA	NA	NA	NA	NA
m[2,1,2,1]	2.758812869	2.75869	2.75996512728832	34699.5	0.95	2.72611	2.78994	NA	NA	NA	NA	NA	NA	NA
m[1,2,2,1]	2.792148735	2.7916	2.78558870698448	29242.1	0.95	2.73725	2.84856	NA	NA	NA	NA	NA	NA	NA
m[2,2,2,1]	2.8521629588	2.851845	2.84975162088197	34502.9	0.95	2.81562	2.89032	NA	NA	NA	NA	NA	NA	NA
m[1,1,3,1]	3.0162829544	3.015985	3.01528619664259	29438.8	0.95	2.92854	3.10398	NA	NA	NA	NA	NA	NA	NA
m[2,1,3,1]	2.9367088612	2.93655	2.93958944063222	32002.2	0.95	2.87739	2.99553	NA	NA	NA	NA	NA	NA	NA
m[1,2,3,1]	3.0084650488	3.00779	3.0072290709601	29261	0.95	2.93217	3.08244	NA	NA	NA	NA	NA	NA	NA
m[2,2,3,1]	3.1654783286	3.16573	3.17009245660992	31960.8	0.95	3.09378	3.23514	NA	NA	NA	NA	NA	NA	NA
m[1,1,1,2]	2.6314678574	2.63187	2.63206983728283	28845.5	0.95	2.57422	2.68618	NA	NA	NA	NA	NA	NA	NA
m[2,1,1,2]	2.662859458	2.66306	2.66712848299188	32055.5	0.95	2.60361	2.71763	NA	NA	NA	NA	NA	NA	NA
m[1,2,1,2]	2.646159704	2.645895	2.64551909452123	31072.9	0.95	2.57722	2.71475	NA	NA	NA	NA	NA	NA	NA
m[2,2,1,2]	2.7342034254	2.73444	2.73912445222912	29689	0.95	2.65968	2.8098	NA	NA	NA	NA	NA	NA	NA
m[1,1,2,2]	2.7772087268	2.776745	2.77944291671135	29800.7	0.95	2.73178	2.82456	NA	NA	NA	NA	NA	NA	NA
m[2,1,2,2]	2.8712571788	2.87067	2.86866950264221	31221.7	0.95	2.81237	2.93165	NA	NA	NA	NA	NA	NA	NA
m[1,2,2,2]	2.9566139216	2.95657	2.95552787986503	33262.9	0.95	2.90139	3.01104	NA	NA	NA	NA	NA	NA	NA
m[2,2,2,2]	3.1312594368	3.13094	3.13251189540305	30867	0.95	3.0521	3.2099	NA	NA	NA	NA	NA	NA	NA
m[1,1,3,2]	2.9791809008	2.978115	2.98230540958923	27169	0.95	2.88076	3.0852	NA	NA	NA	NA	NA	NA	NA
m[2,1,3,2]	3.0694503158	3.06829	3.07163398080778	22573.4	0.95	2.9671	3.17795	NA	NA	NA	NA	NA	NA	NA
m[1,2,3,2]	3.3561043202	3.35651	3.35499082961809	30500.9	0.95	3.26351	3.44383	NA	NA	NA	NA	NA	NA	NA
m[2,2,3,2]	3.2655592612	3.26495	3.26521408341838	30429	0.95	3.17928	3.35243	NA	NA	NA	NA	NA	NA	NA
m[1,1,1,3]	2.6263414066	2.625995	2.62770019014254	28790	0.95	2.56296	2.69033	NA	NA	NA	NA	NA	NA	NA
m[2,1,1,3]	2.624652879	2.62484	2.6249388760123	33935.7	0.95	2.57892	2.67014	NA	NA	NA	NA	NA	NA	NA
m[1,2,1,3]	2.6892250224	2.68907	2.6879176378799	32810.9	0.95	2.63357	2.74467	NA	NA	NA	NA	NA	NA	NA
m[2,2,1,3]	2.6228894426	2.622405	2.62308288429334	28494.4	0.95	2.55346	2.69555	NA	NA	NA	NA	NA	NA	NA
m[1,1,2,3]	2.9150783994	2.91494	2.91626538579961	33360.9	0.95	2.85387	2.98018	NA	NA	NA	NA	NA	NA	NA
m[2,1,2,3]	3.1254957602	3.12493	3.12180811279158	20286.9	0.95	3.00979	3.23994	NA	NA	NA	NA	NA	NA	NA
m[1,2,2,3]	3.2034993512	3.2037	3.20456276964824	29365.8	0.95	3.11045	3.29164	NA	NA	NA	NA	NA	NA	NA
m[2,2,2,3]	3.4016790986	3.40159	3.40320382196691	30176	0.95	3.31441	3.49229	NA	NA	NA	NA	NA	NA	NA
m[1,1,3,3]	3.1708388202	3.1699	3.17455252927151	19770.7	0.95	3.02345	3.32688	NA	NA	NA	NA	NA	NA	NA
m[2,1,3,3]	3.3664466576	3.36611	3.3599266490077	20556.5	0.95	3.22671	3.50801	NA	NA	NA	NA	NA	NA	NA
m[1,2,3,3]	3.499674415	3.499445	3.49885891710908	27002.6	0.95	3.38695	3.6137	NA	NA	NA	NA	NA	NA	NA
m[2,2,3,3]	3.5669700706	3.56708	3.57083334958219	30215.4	0.95	3.47115	3.66512	NA	NA	NA	NA	NA	NA	NA
m[1,1,1,4]	2.7474087144	2.747035	2.74395579604821	30626	0.95	2.65964	2.83342	NA	NA	NA	NA	NA	NA	NA
m[2,1,1,4]	2.7039520954	2.703595	2.69843430577698	30706.4	0.95	2.61962	2.78974	NA	NA	NA	NA	NA	NA	NA
m[1,2,1,4]	2.7366295746	2.73658	2.73681700151357	23638.5	0.95	2.62753	2.84185	NA	NA	NA	NA	NA	NA	NA
m[2,2,1,4]	2.73333275	2.73276	2.73009472424582	29785.8	0.95	2.64374	2.82253	NA	NA	NA	NA	NA	NA	NA
m[1,1,2,4]	3.120709911	3.12003	3.11832310779305	30337.4	0.95	3.03116	3.21154	NA	NA	NA	NA	NA	NA	NA
m[2,1,2,4]	3.4443296512	3.44425	3.43859589206894	18035.1	0.95	3.28467	3.60669	NA	NA	NA	NA	NA	NA	NA
m[1,2,2,4]	3.2647765608	3.26482	3.26457537531724	31554.3	0.95	3.17444	3.36128	NA	NA	NA	NA	NA	NA	NA
m[2,2,2,4]	3.8962481398	3.89787	3.89815274868772	17832.8	0.95	3.77408	4.01566	NA	NA	NA	NA	NA	NA	NA
m[1,1,3,4]	3.2382108086	3.237765	3.2399754059889	22151.7	0.95	3.08169	3.3852	NA	NA	NA	NA	NA	NA	NA
m[2,1,3,4]	3.4226935998	3.42251	3.42384727131841	20733.2	0.95	3.27107	3.57051	NA	NA	NA	NA	NA	NA	NA
m[1,2,3,4]	3.673579212	3.67357	3.66805600848431	23758.4	0.95	3.53833	3.80689	NA	NA	NA	NA	NA	NA	NA
m[2,2,3,4]	3.7620176178	3.76208	3.75683878991173	27549.4	0.95	3.64703	3.88001	NA	NA	NA	NA	NA	NA	NA
a1SD	0.36214227256732	0.240558	0.0887624978069658	673.6	0.95	0.00101596	1.09763	NA	NA	NA	NA	NA	NA	NA
a2SD	0.459335015064	0.324201	0.142541474188348	745.8	0.95	0.0285602	1.29501	NA	NA	NA	NA	NA	NA	NA
a3SD	0.539270288458	0.445618	0.289217135337797	1187.8	0.95	0.127687	1.2012	NA	NA	NA	NA	NA	NA	NA
a4SD	0.272054141492	0.225075	0.173005104993114	1154.6	0.95	0.0679293	0.580745	NA	NA	NA	NA	NA	NA	NA
a1a2a3a4SD	0.158578859342	0.156864	0.155423553390076	5254.4	0.95	0.12067	0.19818	NA	NA	NA	NA	NA	NA	NA
ySigma[1,1,1,1]	0.118698745244	0.116905	0.11432212507229	23389.8	0.95	0.0857035	0.155845	NA	NA	NA	NA	NA	NA	NA
ySigma[2,1,1,1]	0.13599918455	0.1339535	0.130953400174812	24309.2	0.95	0.0965816	0.177838	NA	NA	NA	NA	NA	NA	NA
ySigma[1,2,1,1]	0.139405376786	0.137456	0.133626151622021	25365.9	0.95	0.101301	0.182297	NA	NA	NA	NA	NA	NA	NA
ySigma[2,2,1,1]	0.143695476194	0.1413095	0.136264883313509	21526.7	0.95	0.0974642	0.193044	NA	NA	NA	NA	NA	NA	NA
ySigma[1,1,2,1]	0.11428625014	0.112447	0.107855180860037	23804.7	0.95	0.0800863	0.150469	NA	NA	NA	NA	NA	NA	NA
ySigma[2,1,2,1]	0.082037676848	0.08068695	0.0775294801855331	23284.5	0.95	0.0573129	0.109073	NA	NA	NA	NA	NA	NA	NA
ySigma[1,2,2,1]	0.14340798337	0.1412405	0.137429765422403	22036.5	0.95	0.100549	0.191058	NA	NA	NA	NA	NA	NA	NA
ySigma[2,2,2,1]	0.092970684888	0.09126445	0.0888850131547977	21992.7	0.95	0.0652562	0.124949	NA	NA	NA	NA	NA	NA	NA
ySigma[1,1,3,1]	0.21593998576	0.213146	0.206301830354509	26143.4	0.95	0.159203	0.280288	NA	NA	NA	NA	NA	NA	NA
ySigma[2,1,3,1]	0.149686185424	0.1475955	0.144121985371299	25384.3	0.95	0.107434	0.193794	NA	NA	NA	NA	NA	NA	NA
ySigma[1,2,3,1]	0.19094756012	0.188421	0.182995384431776	22947.9	0.95	0.135494	0.250024	NA	NA	NA	NA	NA	NA	NA
ySigma[2,2,3,1]	0.17672053133	0.1742005	0.169351812768936	23798.5	0.95	0.126887	0.230496	NA	NA	NA	NA	NA	NA	NA
ySigma[1,1,1,2]	0.144327528746	0.142163	0.140740405441587	23788.1	0.95	0.100843	0.193135	NA	NA	NA	NA	NA	NA	NA
ySigma[2,1,1,2]	0.145659968622	0.1435795	0.139839471448715	24972.2	0.95	0.103368	0.191835	NA	NA	NA	NA	NA	NA	NA
ySigma[1,2,1,2]	0.17811742936	0.1749695	0.167693376901209	21691.1	0.95	0.121353	0.239391	NA	NA	NA	NA	NA	NA	NA
ySigma[2,2,1,2]	0.19276949868	0.1901475	0.188464884697735	25014.9	0.95	0.137886	0.251528	NA	NA	NA	NA	NA	NA	NA
ySigma[1,1,2,2]	0.117560980034	0.115612	0.111635322202407	20480.1	0.95	0.0797995	0.158816	NA	NA	NA	NA	NA	NA	NA
ySigma[2,1,2,2]	0.152972307276	0.150415	0.146766518344657	21690.2	0.95	0.10551	0.20469	NA	NA	NA	NA	NA	NA	NA
ySigma[1,2,2,2]	0.136523706514	0.134441	0.130505998217507	24772.4	0.95	0.096511	0.181226	NA	NA	NA	NA	NA	NA	NA
ySigma[2,2,2,2]	0.20074161908	0.1981245	0.190817758922661	25357.6	0.95	0.146586	0.260269	NA	NA	NA	NA	NA	NA	NA
ySigma[1,1,3,2]	0.26307692904	0.25938	0.252959621533053	22836.9	0.95	0.188768	0.344867	NA	NA	NA	NA	NA	NA	NA
ySigma[2,1,3,2]	0.26213715742	0.2589975	0.254514862178085	23846.3	0.95	0.188991	0.338467	NA	NA	NA	NA	NA	NA	NA
ySigma[1,2,3,2]	0.22192127022	0.2188855	0.210041235130269	23922.9	0.95	0.159494	0.291961	NA	NA	NA	NA	NA	NA	NA
ySigma[2,2,3,2]	0.2199293887	0.2168135	0.209277439468942	24379.5	0.95	0.155633	0.287614	NA	NA	NA	NA	NA	NA	NA
ySigma[1,1,1,3]	0.167365741024	0.16413	0.160954465230866	18543.2	0.95	0.109616	0.231259	NA	NA	NA	NA	NA	NA	NA
ySigma[2,1,1,3]	0.115343376238	0.113577	0.110689083479675	24813.8	0.95	0.0826823	0.152489	NA	NA	NA	NA	NA	NA	NA
ySigma[1,2,1,3]	0.142190680782	0.13978	0.133254936143593	21805.1	0.95	0.097331	0.19028	NA	NA	NA	NA	NA	NA	NA
ySigma[2,2,1,3]	0.184128560506	0.181024	0.176554662686645	20945.5	0.95	0.125696	0.245168	NA	NA	NA	NA	NA	NA	NA
ySigma[1,1,2,3]	0.159730740058	0.157673	0.153340654689015	24900.3	0.95	0.116451	0.20788	NA	NA	NA	NA	NA	NA	NA
ySigma[2,1,2,3]	0.2986613343	0.295352	0.29452990936467	24704.3	0.95	0.218349	0.381206	NA	NA	NA	NA	NA	NA	NA
ySigma[1,2,2,3]	0.23224851196	0.229614	0.222493466107767	25360.2	0.95	0.170264	0.299706	NA	NA	NA	NA	NA	NA	NA
ySigma[2,2,2,3]	0.22988954272	0.226862	0.22455899992029	23502.1	0.95	0.163628	0.301417	NA	NA	NA	NA	NA	NA	NA
ySigma[1,1,3,3]	0.38650078936	0.3823835	0.373556657065137	23051.2	0.95	0.287965	0.497562	NA	NA	NA	NA	NA	NA	NA
ySigma[2,1,3,3]	0.34804118176	0.343333	0.335921741880291	24786.2	0.95	0.255215	0.450443	NA	NA	NA	NA	NA	NA	NA
ySigma[1,2,3,3]	0.27617172064	0.2725295	0.266428490963481	24323.7	0.95	0.197666	0.364307	NA	NA	NA	NA	NA	NA	NA
ySigma[2,2,3,3]	0.24882112684	0.245516	0.241014518299791	23128.1	0.95	0.176577	0.32656	NA	NA	NA	NA	NA	NA	NA
ySigma[1,1,1,4]	0.22561412142	0.22261	0.219208938779521	23791.7	0.95	0.160996	0.295487	NA	NA	NA	NA	NA	NA	NA
ySigma[2,1,1,4]	0.21513372992	0.21232	0.208090482488931	25149.6	0.95	0.159049	0.278768	NA	NA	NA	NA	NA	NA	NA
ySigma[1,2,1,4]	0.2737008021	0.26978	0.260897701732517	22138	0.95	0.194193	0.360625	NA	NA	NA	NA	NA	NA	NA
ySigma[2,2,1,4]	0.22742705496	0.2247885	0.215369296309926	23774.8	0.95	0.163241	0.293735	NA	NA	NA	NA	NA	NA	NA
ySigma[1,1,2,4]	0.2326078849	0.2296195	0.221587063486378	24763.7	0.95	0.17006	0.301672	NA	NA	NA	NA	NA	NA	NA
ySigma[2,1,2,4]	0.41993912732	0.4154945	0.410276072724687	23900.8	0.95	0.315843	0.53684	NA	NA	NA	NA	NA	NA	NA
ySigma[1,2,2,4]	0.24355684332	0.2405865	0.234394681515659	25742.1	0.95	0.177968	0.315447	NA	NA	NA	NA	NA	NA	NA
ySigma[2,2,2,4]	0.28323410672	0.2793075	0.275982911926401	21393.9	0.95	0.202084	0.370591	NA	NA	NA	NA	NA	NA	NA
ySigma[1,1,3,4]	0.39507072698	0.3907375	0.381086414089851	23820.6	0.95	0.293658	0.49993	NA	NA	NA	NA	NA	NA	NA
ySigma[2,1,3,4]	0.40596885852	0.4015785	0.394496939215018	23994.7	0.95	0.302419	0.518539	NA	NA	NA	NA	NA	NA	NA
ySigma[1,2,3,4]	0.34508776052	0.340993	0.335612408003477	22602.2	0.95	0.248671	0.453135	NA	NA	NA	NA	NA	NA	NA
ySigma[2,2,3,4]	0.29113397024	0.2875795	0.282841568930106	25964	0.95	0.214175	0.376609	NA	NA	NA	NA	NA	NA	NA
sigmaMode	0.177114366044	0.1773675	0.177854664811443	17847	0.95	0.147028	0.206538	NA	NA	NA	NA	NA	NA	NA
sigmaSD	0.094236731002	0.09289995	0.0886053076339375	15678.6	0.95	0.0693903	0.121213	NA	NA	NA	NA	NA	NA	NA
nu	5.5441382272	5.450855	5.27527764565873	8761.5	0.95	4.08674	7.15767	NA	NA	NA	NA	NA	NA	NA
