Mean	Median	Mode	ESS	HDImass	HDIlow	HDIhigh	CompVal	PcntGtCompVal	ROPElow	ROPEhigh	PcntLtROPE	PcntInROPE	PcntGtROPE
b0	2.65809419764189	2.65808	2.65719172874372	4817.5	0.95	2.64163	2.67435	NA	NA	NA	NA	NA	NA	NA
b1[1] 12	-0.0387272483814948	-0.0385268	-0.0373216623809266	5109.9	0.95	-0.0632616	-0.0140098	NA	NA	NA	NA	NA	NA	NA
b1[2] 48	0.0102460948221163	0.0102825	0.00864462139941599	9220	0.95	-0.0150783	0.0368669	NA	NA	NA	NA	NA	NA	NA
b1[3] 192	-0.0205094659892306	-0.02039185	-0.0188990429727913	6732.6	0.95	-0.0454791	0.00313304	NA	NA	NA	NA	NA	NA	NA
b1[4] 768	0.0489906196479616	0.04878415	0.0439334206224371	3190.4	0.95	0.0139203	0.0849607	NA	NA	NA	NA	NA	NA	NA
b2[1] Gridded	-0.0112611554240178	-0.01123295	-0.0104702541856485	5391.3	0.95	-0.027294	0.00465562	NA	NA	NA	NA	NA	NA	NA
b2[2] Random	0.0112611554240178	0.01123295	0.0104702541856485	5391.3	0.95	-0.00465562	0.027294	NA	NA	NA	NA	NA	NA	NA
b1b2[1,1] 12 Gridded	-0.030526955832555	-0.0305501	-0.0300418800399994	1976.7	0.95	-0.0561235	-0.00658824	NA	NA	NA	NA	NA	NA	NA
b1b2[2,1] 48 Gridded	-0.0137145016569994	-0.01355285	-0.0148003384376625	3942.4	0.95	-0.039918	0.00944818	NA	NA	NA	NA	NA	NA	NA
b1b2[3,1] 192 Gridded	0.0250600527732954	0.024864	0.0236059906537551	2841.2	0.95	0.00203337	0.0487074	NA	NA	NA	NA	NA	NA	NA
b1b2[4,1] 768 Gridded	0.0191814045326339	0.01881905	0.0173000424560478	2863.7	0.95	-0.0112369	0.0510172	NA	NA	NA	NA	NA	NA	NA
b1b2[1,2] 12 Random	0.030526955832555	0.0305501	0.0300418800399994	1976.7	0.95	0.00658824	0.0561235	NA	NA	NA	NA	NA	NA	NA
b1b2[2,2] 48 Random	0.0137145016569994	0.01355285	0.0148003384376625	3942.4	0.95	-0.00944818	0.039918	NA	NA	NA	NA	NA	NA	NA
b1b2[3,2] 192 Random	-0.0250600527732954	-0.024864	-0.0236059906537551	2841.2	0.95	-0.0487074	-0.00203337	NA	NA	NA	NA	NA	NA	NA
b1b2[4,2] 768 Random	-0.0191814045326339	-0.01881905	-0.0173000424560478	2863.7	0.95	-0.0510172	0.0112369	NA	NA	NA	NA	NA	NA	NA
m[1,1] 12 Gridded	2.57757885791367	2.577385	2.57892447080412	4062	0.95	2.53836	2.61291	NA	NA	NA	NA	NA	NA	NA
m[2,1] 48 Gridded	2.64336461630695	2.64344	2.64385483359851	7826.4	0.95	2.60733	2.68368	NA	NA	NA	NA	NA	NA	NA
m[3,1] 192 Gridded	2.65138365207834	2.65149	2.64969601552535	5027.9	0.95	2.61311	2.68731	NA	NA	NA	NA	NA	NA	NA
m[4,1] 768 Gridded	2.71500506294964	2.714815	2.71774322234464	2528	0.95	2.65238	2.7783	NA	NA	NA	NA	NA	NA	NA
m[1,2] 12 Random	2.66115509192646	2.66145	2.66400899304146	4982.5	0.95	2.62398	2.6957	NA	NA	NA	NA	NA	NA	NA
m[2,2] 48 Random	2.69331596622702	2.69302	2.6915391853458	6571.1	0.95	2.64915	2.73618	NA	NA	NA	NA	NA	NA	NA
m[3,2] 192 Random	2.62378584132694	2.62395	2.62439926515997	3472.8	0.95	2.58701	2.66234	NA	NA	NA	NA	NA	NA	NA
m[4,2] 768 Random	2.69916454436451	2.699015	2.69404611685807	3543.6	0.95	2.64193	2.75469	NA	NA	NA	NA	NA	NA	NA
a1SD	0.0761296775338929	0.05581585	0.0397159690222336	156.1	0.95	9.66082e-05	0.215952	NA	NA	NA	NA	NA	NA	NA
a2SD	0.226787008253108	0.1562655	0.0493577777028633	89.8	0.95	7.07691e-05	0.662457	NA	NA	NA	NA	NA	NA	NA
a1a2SD	0.0602419309522382	0.0520543	0.0440169197838083	207	0.95	0.00961091	0.126308	NA	NA	NA	NA	NA	NA	NA
sigmaMode	0.144700107124301	0.144785	0.148190284052561	4536.8	0.95	0.0913528	0.196539	NA	NA	NA	NA	NA	NA	NA
sigmaSD	0.0848764483413269	0.07484335	0.0590957224292056	1930.4	0.95	0.0261684	0.172592	NA	NA	NA	NA	NA	NA	NA
nu	3.63148574840128	3.55547	3.43852219332464	2351.3	0.95	2.54445	4.83903	NA	NA	NA	NA	NA	NA	NA
