Mean	Median	Mode	ESS	HDImass	HDIlow	HDIhigh	CompVal	PcntGtCompVal	ROPElow	ROPEhigh	PcntLtROPE	PcntInROPE	PcntGtROPE
b0	3.09406314848122	3.094175	3.0934135981197	5086.8	0.95	3.06899	3.11965	NA	NA	NA	NA	NA	NA	NA
b1[1] 12	-0.299100603417266	-0.2990745	-0.300186041355108	6827.4	0.95	-0.328628	-0.268496	NA	NA	NA	NA	NA	NA	NA
b1[2] 48	-0.151189697631894	-0.1511435	-0.150382578872994	7624.7	0.95	-0.188973	-0.115161	NA	NA	NA	NA	NA	NA	NA
b1[3] 192	0.0813768036770584	0.08133155	0.0814194931021098	8428.4	0.95	0.0374278	0.129063	NA	NA	NA	NA	NA	NA	NA
b1[4] 768	0.36891350019984	0.369079	0.369350975911677	6379.2	0.95	0.313079	0.427609	NA	NA	NA	NA	NA	NA	NA
b2[1] Gridded	-0.118101927817746	-0.1179995	-0.117189910979518	3188.7	0.95	-0.144517	-0.0942667	NA	NA	NA	NA	NA	NA	NA
b2[2] Random	0.118101927817746	0.1179995	0.117189910979518	3188.7	0.95	0.0942667	0.144517	NA	NA	NA	NA	NA	NA	NA
a1SD	0.294979020950739	0.2529785	0.207100137491303	186.9	0.95	0.000667742	0.673314	NA	NA	NA	NA	NA	NA	NA
a2SD	0.40940126914958	0.2979595	0.153707891168879	174.6	0.95	0.000441527	1.13947	NA	NA	NA	NA	NA	NA	NA
a1a2SD	0.281940052098321	0.2502605	0.185527035721597	86.8	0.95	0.0835149	0.561002	NA	NA	NA	NA	NA	NA	NA
sigmaMode	0.189997027468026	0.1923565	0.198231622213405	5194.1	0.95	0.0817331	0.291556	NA	NA	NA	NA	NA	NA	NA
sigmaSD	0.169689022292166	0.153286	0.12594241841244	2463.5	0.95	0.0695681	0.308225	NA	NA	NA	NA	NA	NA	NA
nu	28.34294433753	20.74815	14.4229598178245	919.2	0.95	6.06742	74.7343	NA	NA	NA	NA	NA	NA	NA
