	Factor	Mean	Median	Mode	ESS	HDImass	HDIlow	HDIhigh	CompVal	PcntGtCompVal	ROPElow	ROPEhigh	PcntLtROPE	PcntInROPE	PcntGtROPE	RTDeflections(ms)					
b0		3.008254617	3.00825	3.007663899	24110.4	0.95	2.99409	3.0219	NA	NA	NA	NA	NA	NA	NA	1019.188741					
b1[1] Gridded	Gridded	-0.051850611	-0.0518637	-0.051557305	12419.9	0.95	-0.0654246	-0.0384779	NA	NA	NA	NA	NA	NA	NA	-114.6310237					
b1[2] Random	Random	0.051850611	0.0518637	0.051557305	12419.9	0.95	0.0384779	0.0654246	NA	NA	NA	NA	NA	NA	NA	129.1673597					
b2[1] Center	Center	-0.08400893	-0.08401555	-0.083744625	11195.7	0.95	-0.0975399	-0.0708232	NA	NA	NA	NA	NA	NA	NA	-179.1486624					
b2[2] Periphery	Periph	0.08400893	0.08401555	0.083744625	11195.7	0.95	0.0708232	0.0975399	NA	NA	NA	NA	NA	NA	NA	217.3814592					
b3[1] Hue	Hue	-0.344184698	-0.344153	-0.34429411	17110.2	0.95	-0.361417	-0.327026	NA	NA	NA	NA	NA	NA	NA	-557.4699622					
b3[2] Length	Length	0.071335504	0.0713169	0.070551637	14359.1	0.95	0.0530735	0.0898844	NA	NA	NA	NA	NA	NA	NA	181.8349188					
b3[3] Shape	Shape	0.272849196	0.272826	0.273116951	17365.2	0.95	0.251271	0.29494	NA	NA	NA	NA	NA	NA	NA	890.5988081					
b4[1] 12	12	-0.19506981	-0.1950605	-0.193914289	19432	0.95	-0.213466	-0.177268	NA	NA	NA	NA	NA	NA	NA	-368.5661928					
b4[2] 48	48	-0.08481092	-0.08477385	-0.084014129	23581.8	0.95	-0.105369	-0.0638125	NA	NA	NA	NA	NA	NA	NA	-180.69739					
b4[3] 192	192	0.059477978	0.0594717	0.059456786	16800.7	0.95	0.0354163	0.0838278	NA	NA	NA	NA	NA	NA	NA	149.5031085					
b4[4] 768	768	0.22040275	0.2203015	0.219574594	21225.8	0.95	0.191763	0.249302	NA	NA	NA	NA	NA	NA	NA	673.4179303					
"b1b2b3b4[1,1,1,1]"	Gridded Center Hue 12	0.219578116	0.219522	0.220226437	21293	0.95	0.172187	0.267775	NA	NA	NA	NA	NA	NA	NA	670.2082069		1	1	1	1
"b1b2b3b4[2,1,1,1]"	Random Center Hue 12	0.220786978	0.220792	0.21931588	27037.5	0.95	0.167062	0.271994	NA	NA	NA	NA	NA	NA	NA	674.9155424		2	1	1	1
"b1b2b3b4[1,2,1,1]"	Gridded Periph Hue 12	0.08805348	0.0880514	0.087627154	26947.7	0.95	0.0324112	0.142441	NA	NA	NA	NA	NA	NA	NA	228.9457412		1	2	1	1
"b1b2b3b4[2,2,1,1]"	Random Periph Hue 12	0.061577524	0.0614729	0.062576462	26382	0.95	0.00865028	0.11649	NA	NA	NA	NA	NA	NA	NA	155.1637988		2	2	1	1
"b1b2b3b4[1,1,2,1]"	Gridded Center Length 12	0.013500744	0.01335685	0.013917471	30132.2	0.95	-0.0324311	0.0590853	NA	NA	NA	NA	NA	NA	NA	32.1618674		1	1	2	1
"b1b2b3b4[2,1,2,1]"	Random Center Length 12	-0.093549129	-0.09349725	-0.091338971	11795.3	0.95	-0.13423	-0.0531963	NA	NA	NA	NA	NA	NA	NA	-197.3877386		2	1	2	1
"b1b2b3b4[1,2,2,1]"	Gridded Periph Length 12	-0.124529908	-0.124832	-0.123046571	24688.6	0.95	-0.17805	-0.0701171	NA	NA	NA	NA	NA	NA	NA	-253.9283601		1	2	2	1
"b1b2b3b4[2,2,2,1]"	Random Periph Length 12	-0.168216928	-0.1682065	-0.167748331	15529.5	0.95	-0.211356	-0.125065	NA	NA	NA	NA	NA	NA	NA	-327.1058973		2	2	2	1
"b1b2b3b4[1,1,3,1]"	Gridded Center Shape 12	0.066108491	0.06610365	0.069173685	30528.6	0.95	-0.012062	0.147198	NA	NA	NA	NA	NA	NA	NA	167.4736133		1	1	3	1
"b1b2b3b4[2,1,3,1]"	Random Center Shape 12	-0.117166815	-0.1171845	-0.113248046	27051.9	0.95	-0.177273	-0.0597403	NA	NA	NA	NA	NA	NA	NA	-240.8536278		2	1	3	1
"b1b2b3b4[1,2,3,1]"	Gridded Periph Shape 12	-0.109727303	-0.11016	-0.111242049	28224.4	0.95	-0.178158	-0.039618	NA	NA	NA	NA	NA	NA	NA	-227.4161301		1	2	3	1
"b1b2b3b4[2,2,3,1]"	Random Periph Shape 12	-0.056415252	-0.0564372	-0.054708623	28527.1	0.95	-0.120479	0.0101898	NA	NA	NA	NA	NA	NA	NA	-124.0823199		2	2	3	1
"b1b2b3b4[1,1,1,2]"	Gridded Center Hue 48	0.188068374	0.188278	0.190941834	22833.3	0.95	0.131163	0.241507	NA	NA	NA	NA	NA	NA	NA	552.0186706		1	1	1	2
"b1b2b3b4[2,1,1,2]"	Random Center Hue 48	0.115758778	0.1158325	0.116936985	29011.8	0.95	0.061278	0.173706	NA	NA	NA	NA	NA	NA	NA	311.1242559		2	1	1	2
"b1b2b3b4[1,2,1,2]"	Gridded Periph Hue 48	0.034742369	0.03446635	0.031302747	30227.9	0.95	-0.0296764	0.0999878	NA	NA	NA	NA	NA	NA	NA	84.83246791		1	2	1	2
"b1b2b3b4[2,2,1,2]"	Random Periph Hue 48	0.019084893	0.0191124	0.017834568	30270.6	0.95	-0.048311	0.0896821	NA	NA	NA	NA	NA	NA	NA	45.75966174		2	2	1	2
"b1b2b3b4[1,1,2,2]"	Gridded Center Length 48	-0.081710948	-0.0819798	-0.084564446	24172.1	0.95	-0.13054	-0.0343813	NA	NA	NA	NA	NA	NA	NA	-174.6951474		1	1	2	2
"b1b2b3b4[2,1,2,2]"	Random Center Length 48	-0.091363714	-0.0916463	-0.091852894	24956.4	0.95	-0.15113	-0.0323484	NA	NA	NA	NA	NA	NA	NA	-193.2449412		2	1	2	2
"b1b2b3b4[1,2,2,2]"	Gridded Periph Length 48	-0.070323618	-0.0703448	-0.071196035	28214.9	0.95	-0.123892	-0.0148094	NA	NA	NA	NA	NA	NA	NA	-152.2752949		1	2	2	2
"b1b2b3b4[2,2,2,2]"	Random Periph Length 48	0.000620675	0.000347032	-0.00303659	30018.3	0.95	-0.0704818	0.0752903	NA	NA	NA	NA	NA	NA	NA	1.456768265		2	2	2	2
"b1b2b3b4[1,1,3,2]"	Gridded Center Shape 48	-0.081252464	-0.08219845	-0.085710569	28480.9	0.95	-0.171185	0.0103667	NA	NA	NA	NA	NA	NA	NA	-173.8037778		1	1	3	2
"b1b2b3b4[2,1,3,2]"	Random Center Shape 48	-0.094684257	-0.09550905	-0.096794761	26322.9	0.95	-0.187544	-0.00174903	NA	NA	NA	NA	NA	NA	NA	-199.5313398		2	1	3	2
"b1b2b3b4[1,2,3,2]"	Gridded Periph Shape 48	0.127653102	0.1279735	0.132828436	26475.1	0.95	0.0469162	0.211917	NA	NA	NA	NA	NA	NA	NA	348.0453846		1	2	3	2
"b1b2b3b4[2,2,3,2]"	Random Periph Shape 48	-0.06659319	-0.0671825	-0.070765225	29568.7	0.95	-0.143816	0.0133872	NA	NA	NA	NA	NA	NA	NA	-144.8019112		2	2	3	2
"b1b2b3b4[1,1,1,3]"	Gridded Center Hue 192	0.038653003	0.03848305	0.03646077	27377.3	0.95	-0.0214267	0.101495	NA	NA	NA	NA	NA	NA	NA	94.81318971		1	1	1	3
"b1b2b3b4[2,1,1,3]"	Random Center Hue 192	-0.06673672	-0.0665987	-0.068276617	22629.8	0.95	-0.117032	-0.0166134	NA	NA	NA	NA	NA	NA	NA	-145.0906417		2	1	1	3
"b1b2b3b4[1,2,1,3]"	Gridded Periph Hue 192	-0.066481201	-0.06659105	-0.066459631	27534.5	0.95	-0.125321	-0.0115993	NA	NA	NA	NA	NA	NA	NA	-144.5765625		1	2	1	3
"b1b2b3b4[2,2,1,3]"	Random Periph Hue 192	-0.236517996	-0.2368675	-0.233347136	26803.7	0.95	-0.302909	-0.169257	NA	NA	NA	NA	NA	NA	NA	-427.7349064		2	2	1	3
"b1b2b3b4[1,1,2,3]"	Gridded Center Length 192	-0.088130162	-0.08835805	-0.091193016	29852.5	0.95	-0.150017	-0.023665	NA	NA	NA	NA	NA	NA	NA	-187.0768672		1	1	2	3
"b1b2b3b4[2,1,2,3]"	Random Center Length 192	0.018585937	0.01839385	0.018156856	29408.6	0.95	-0.081781	0.119069	NA	NA	NA	NA	NA	NA	NA	44.53754325		2	1	2	3
"b1b2b3b4[1,2,2,3]"	Gridded Periph Length 192	0.032272923	0.0324653	0.02933339	29559.8	0.95	-0.0486377	0.1134	NA	NA	NA	NA	NA	NA	NA	78.57608392		1	2	2	3
"b1b2b3b4[2,2,2,3]"	Random Periph Length 192	0.126751448	0.126567	0.12452576	30331	0.95	0.0481868	0.209571	NA	NA	NA	NA	NA	NA	NA	345.2110058		2	2	2	3
"b1b2b3b4[1,1,3,3]"	Gridded Center Shape 192	-0.033883443	-0.0347616	-0.037092832	25331.7	0.95	-0.16194	0.0971909	NA	NA	NA	NA	NA	NA	NA	-76.44897006		1	1	3	3
"b1b2b3b4[2,1,3,3]"	Random Center Shape 192	0.058023159	0.057677	0.06154981	27600.7	0.95	-0.0620608	0.180163	NA	NA	NA	NA	NA	NA	NA	145.5967199		2	1	3	3
"b1b2b3b4[1,2,3,3]"	Gridded Periph Shape 192	0.126934291	0.1268045	0.130032314	29441.6	0.95	0.0260781	0.225702	NA	NA	NA	NA	NA	NA	NA	345.7853031		1	2	3	3
"b1b2b3b4[2,2,3,3]"	Random Periph Shape 192	0.09052876	0.0905516	0.091916446	29419.9	0.95	0.00222864	0.177881	NA	NA	NA	NA	NA	NA	NA	236.0764344		2	2	3	3
"b1b2b3b4[1,1,1,4]"	Gridded Center Hue 768	-0.001204411	-0.00132567	-0.003720312	28380.7	0.95	-0.0808194	0.0788772	NA	NA	NA	NA	NA	NA	NA	-2.820903731		1	1	1	4
"b1b2b3b4[2,1,1,4]"	Random Center Hue 768	-0.148362257	-0.148557	-0.154031793	28070.7	0.95	-0.226957	-0.0683144	NA	NA	NA	NA	NA	NA	NA	-294.7594485		2	1	1	4
"b1b2b3b4[1,2,1,4]"	Gridded Periph Hue 768	-0.180001441	-0.179812	-0.18279753	25292.7	0.95	-0.273438	-0.0830234	NA	NA	NA	NA	NA	NA	NA	-345.6169644		1	2	1	4
"b1b2b3b4[2,2,1,4]"	Random Periph Hue 768	-0.286999497	-0.2872445	-0.290370232	26345.4	0.95	-0.368919	-0.203694	NA	NA	NA	NA	NA	NA	NA	-492.5735129		2	2	1	4
"b1b2b3b4[1,1,2,4]"	Gridded Center Length 768	-0.043423451	-0.04382045	-0.042876817	29254.9	0.95	-0.127243	0.0402317	NA	NA	NA	NA	NA	NA	NA	-96.91905859		1	1	2	4
"b1b2b3b4[2,1,2,4]"	Random Center Length 768	0.176495061	0.1763765	0.173661007	21943.3	0.95	0.0409391	0.314265	NA	NA	NA	NA	NA	NA	NA	510.716966		2	1	2	4
"b1b2b3b4[1,2,2,4]"	Gridded Periph Length 768	-0.067374641	-0.06725795	-0.061911865	29625.3	0.95	-0.154461	0.0177883	NA	NA	NA	NA	NA	NA	NA	-146.3727579		1	2	2	4
"b1b2b3b4[2,2,2,4]"	Random Periph Length 768	0.460395714	0.461334	0.460773437	21028.9	0.95	0.352871	0.565856	NA	NA	NA	NA	NA	NA	NA	1921.736166		2	2	2	4
"b1b2b3b4[1,1,3,4]"	Gridded Center Shape 768	-0.127436203	-0.1276595	-0.122977094	26108.2	0.95	-0.259872	0.00115015	NA	NA	NA	NA	NA	NA	NA	-259.028396		1	1	3	4
"b1b2b3b4[2,1,3,4]"	Random Center Shape 768	-0.046654665	-0.04682595	-0.045018731	26703.1	0.95	-0.175217	0.0824922	NA	NA	NA	NA	NA	NA	NA	-103.750989		2	1	3	4
"b1b2b3b4[1,2,3,4]"	Gridded Periph Shape 768	0.139914299	0.1400915	0.139259177	28891.3	0.95	0.0233604	0.255767	NA	NA	NA	NA	NA	NA	NA	387.178702		1	2	3	4
"b1b2b3b4[2,2,3,4]"	Random Periph Shape 768	0.124651498	0.1249675	0.124792851	30474.4	0.95	0.0200579	0.225565	NA	NA	NA	NA	NA	NA	NA	338.6325096		2	2	3	4
"m[1,1,1,1]"	Gridded Center Hue 12	2.5527187	2.55266	2.552997954	32390.9	0.95	2.50533	2.59828	NA	NA	NA	NA	NA	NA	NA						
"m[2,1,1,1]"	Random Center Hue 12	2.657628795	2.65769	2.655815033	32003.5	0.95	2.60234	2.71178	NA	NA	NA	NA	NA	NA	NA						
"m[1,2,1,1]"	Gridded Periph Hue 12	2.589211935	2.58894	2.586677582	33339.8	0.95	2.53493	2.64482	NA	NA	NA	NA	NA	NA	NA						
"m[2,2,1,1]"	Random Periph Hue 12	2.666437193	2.66639	2.666939599	31180.7	0.95	2.61156	2.72093	NA	NA	NA	NA	NA	NA	NA						
"m[1,1,2,1]"	Gridded Center Length 12	2.762161517	2.76198	2.75890683	34862.2	0.95	2.71784	2.80654	NA	NA	NA	NA	NA	NA	NA						
"m[2,1,2,1]"	Random Center Length 12	2.758812869	2.75869	2.759965127	34699.5	0.95	2.72611	2.78994	NA	NA	NA	NA	NA	NA	NA						
"m[1,2,2,1]"	Gridded Periph Length 12	2.792148735	2.7916	2.785588707	29242.1	0.95	2.73725	2.84856	NA	NA	NA	NA	NA	NA	NA						
"m[2,2,2,1]"	Random Periph Length 12	2.852162959	2.851845	2.849751621	34502.9	0.95	2.81562	2.89032	NA	NA	NA	NA	NA	NA	NA						
"m[1,1,3,1]"	Gridded Center Shape 12	3.016282954	3.015985	3.015286197	29438.8	0.95	2.92854	3.10398	NA	NA	NA	NA	NA	NA	NA						
"m[2,1,3,1]"	Random Center Shape 12	2.936708861	2.93655	2.939589441	32002.2	0.95	2.87739	2.99553	NA	NA	NA	NA	NA	NA	NA						
"m[1,2,3,1]"	Gridded Periph Shape 12	3.008465049	3.00779	3.007229071	29261	0.95	2.93217	3.08244	NA	NA	NA	NA	NA	NA	NA						
"m[2,2,3,1]"	Random Periph Shape 12	3.165478329	3.16573	3.170092457	31960.8	0.95	3.09378	3.23514	NA	NA	NA	NA	NA	NA	NA						
"m[1,1,1,2]"	Gridded Center Hue 48	2.631467857	2.63187	2.632069837	28845.5	0.95	2.57422	2.68618	NA	NA	NA	NA	NA	NA	NA						
"m[2,1,1,2]"	Random Center Hue 48	2.662859458	2.66306	2.667128483	32055.5	0.95	2.60361	2.71763	NA	NA	NA	NA	NA	NA	NA						
"m[1,2,1,2]"	Gridded Periph Hue 48	2.646159704	2.645895	2.645519095	31072.9	0.95	2.57722	2.71475	NA	NA	NA	NA	NA	NA	NA						
"m[2,2,1,2]"	Random Periph Hue 48	2.734203425	2.73444	2.739124452	29689	0.95	2.65968	2.8098	NA	NA	NA	NA	NA	NA	NA						
"m[1,1,2,2]"	Gridded Center Length 48	2.777208727	2.776745	2.779442917	29800.7	0.95	2.73178	2.82456	NA	NA	NA	NA	NA	NA	NA						
"m[2,1,2,2]"	Random Center Length 48	2.871257179	2.87067	2.868669503	31221.7	0.95	2.81237	2.93165	NA	NA	NA	NA	NA	NA	NA						
"m[1,2,2,2]"	Gridded Periph Length 48	2.956613922	2.95657	2.95552788	33262.9	0.95	2.90139	3.01104	NA	NA	NA	NA	NA	NA	NA						
"m[2,2,2,2]"	Random Periph Length 48	3.131259437	3.13094	3.132511895	30867	0.95	3.0521	3.2099	NA	NA	NA	NA	NA	NA	NA						
"m[1,1,3,2]"	Gridded Center Shape 48	2.979180901	2.978115	2.98230541	27169	0.95	2.88076	3.0852	NA	NA	NA	NA	NA	NA	NA						
"m[2,1,3,2]"	Random Center Shape 48	3.069450316	3.06829	3.071633981	22573.4	0.95	2.9671	3.17795	NA	NA	NA	NA	NA	NA	NA						
"m[1,2,3,2]"	Gridded Periph Shape 48	3.35610432	3.35651	3.35499083	30500.9	0.95	3.26351	3.44383	NA	NA	NA	NA	NA	NA	NA						
"m[2,2,3,2]"	Random Periph Shape 48	3.265559261	3.26495	3.265214083	30429	0.95	3.17928	3.35243	NA	NA	NA	NA	NA	NA	NA						
"m[1,1,1,3]"	Gridded Center Hue 192	2.626341407	2.625995	2.62770019	28790	0.95	2.56296	2.69033	NA	NA	NA	NA	NA	NA	NA						
"m[2,1,1,3]"	Random Center Hue 192	2.624652879	2.62484	2.624938876	33935.7	0.95	2.57892	2.67014	NA	NA	NA	NA	NA	NA	NA						
"m[1,2,1,3]"	Gridded Periph Hue 192	2.689225022	2.68907	2.687917638	32810.9	0.95	2.63357	2.74467	NA	NA	NA	NA	NA	NA	NA						
"m[2,2,1,3]"	Random Periph Hue 192	2.622889443	2.622405	2.623082884	28494.4	0.95	2.55346	2.69555	NA	NA	NA	NA	NA	NA	NA						
"m[1,1,2,3]"	Gridded Center Length 192	2.915078399	2.91494	2.916265386	33360.9	0.95	2.85387	2.98018	NA	NA	NA	NA	NA	NA	NA						
"m[2,1,2,3]"	Random Center Length 192	3.12549576	3.12493	3.121808113	20286.9	0.95	3.00979	3.23994	NA	NA	NA	NA	NA	NA	NA						
"m[1,2,2,3]"	Gridded Periph Length 192	3.203499351	3.2037	3.20456277	29365.8	0.95	3.11045	3.29164	NA	NA	NA	NA	NA	NA	NA						
"m[2,2,2,3]"	Random Periph Length 192	3.401679099	3.40159	3.403203822	30176	0.95	3.31441	3.49229	NA	NA	NA	NA	NA	NA	NA						
"m[1,1,3,3]"	Gridded Center Shape 192	3.17083882	3.1699	3.174552529	19770.7	0.95	3.02345	3.32688	NA	NA	NA	NA	NA	NA	NA						
"m[2,1,3,3]"	Random Center Shape 192	3.366446658	3.36611	3.359926649	20556.5	0.95	3.22671	3.50801	NA	NA	NA	NA	NA	NA	NA						
"m[1,2,3,3]"	Gridded Periph Shape 192	3.499674415	3.499445	3.498858917	27002.6	0.95	3.38695	3.6137	NA	NA	NA	NA	NA	NA	NA						
"m[2,2,3,3]"	Random Periph Shape 192	3.566970071	3.56708	3.57083335	30215.4	0.95	3.47115	3.66512	NA	NA	NA	NA	NA	NA	NA						
"m[1,1,1,4]"	Gridded Center Hue 768	2.747408714	2.747035	2.743955796	30626	0.95	2.65964	2.83342	NA	NA	NA	NA	NA	NA	NA						
"m[2,1,1,4]"	Random Center Hue 768	2.703952095	2.703595	2.698434306	30706.4	0.95	2.61962	2.78974	NA	NA	NA	NA	NA	NA	NA						
"m[1,2,1,4]"	Gridded Periph Hue 768	2.736629575	2.73658	2.736817002	23638.5	0.95	2.62753	2.84185	NA	NA	NA	NA	NA	NA	NA						
"m[2,2,1,4]"	Random Periph Hue 768	2.73333275	2.73276	2.730094724	29785.8	0.95	2.64374	2.82253	NA	NA	NA	NA	NA	NA	NA						
"m[1,1,2,4]"	Gridded Center Length 768	3.120709911	3.12003	3.118323108	30337.4	0.95	3.03116	3.21154	NA	NA	NA	NA	NA	NA	NA						
"m[2,1,2,4]"	Random Center Length 768	3.444329651	3.44425	3.438595892	18035.1	0.95	3.28467	3.60669	NA	NA	NA	NA	NA	NA	NA						
"m[1,2,2,4]"	Gridded Periph Length 768	3.264776561	3.26482	3.264575375	31554.3	0.95	3.17444	3.36128	NA	NA	NA	NA	NA	NA	NA						
"m[2,2,2,4]"	Random Periph Length 768	3.89624814	3.89787	3.898152749	17832.8	0.95	3.77408	4.01566	NA	NA	NA	NA	NA	NA	NA						
"m[1,1,3,4]"	Gridded Center Shape 768	3.238210809	3.237765	3.239975406	22151.7	0.95	3.08169	3.3852	NA	NA	NA	NA	NA	NA	NA						
"m[2,1,3,4]"	Random Center Shape 768	3.4226936	3.42251	3.423847271	20733.2	0.95	3.27107	3.57051	NA	NA	NA	NA	NA	NA	NA						
"m[1,2,3,4]"	Gridded Periph Shape 768	3.673579212	3.67357	3.668056008	23758.4	0.95	3.53833	3.80689	NA	NA	NA	NA	NA	NA	NA						
"m[2,2,3,4]"	Random Periph Shape 768	3.762017618	3.76208	3.75683879	27549.4	0.95	3.64703	3.88001	NA	NA	NA	NA	NA	NA	NA						
a1SD		0.362142273	0.240558	0.088762498	673.6	0.95	0.00101596	1.09763	NA	NA	NA	NA	NA	NA	NA						
a2SD		0.459335015	0.324201	0.142541474	745.8	0.95	0.0285602	1.29501	NA	NA	NA	NA	NA	NA	NA						
a3SD		0.539270288	0.445618	0.289217135	1187.8	0.95	0.127687	1.2012	NA	NA	NA	NA	NA	NA	NA						
a4SD		0.272054141	0.225075	0.173005105	1154.6	0.95	0.0679293	0.580745	NA	NA	NA	NA	NA	NA	NA						
a1a2a3a4SD		0.158578859	0.156864	0.155423553	5254.4	0.95	0.12067	0.19818	NA	NA	NA	NA	NA	NA	NA						
"ySigma[1,1,1,1]"		0.118698745	0.116905	0.114322125	23389.8	0.95	0.0857035	0.155845	NA	NA	NA	NA	NA	NA	NA						
"ySigma[2,1,1,1]"		0.135999185	0.1339535	0.1309534	24309.2	0.95	0.0965816	0.177838	NA	NA	NA	NA	NA	NA	NA						
"ySigma[1,2,1,1]"		0.139405377	0.137456	0.133626152	25365.9	0.95	0.101301	0.182297	NA	NA	NA	NA	NA	NA	NA						
"ySigma[2,2,1,1]"		0.143695476	0.1413095	0.136264883	21526.7	0.95	0.0974642	0.193044	NA	NA	NA	NA	NA	NA	NA						
"ySigma[1,1,2,1]"		0.11428625	0.112447	0.107855181	23804.7	0.95	0.0800863	0.150469	NA	NA	NA	NA	NA	NA	NA						
"ySigma[2,1,2,1]"		0.082037677	0.08068695	0.07752948	23284.5	0.95	0.0573129	0.109073	NA	NA	NA	NA	NA	NA	NA						
"ySigma[1,2,2,1]"		0.143407983	0.1412405	0.137429765	22036.5	0.95	0.100549	0.191058	NA	NA	NA	NA	NA	NA	NA						
"ySigma[2,2,2,1]"		0.092970685	0.09126445	0.088885013	21992.7	0.95	0.0652562	0.124949	NA	NA	NA	NA	NA	NA	NA						
"ySigma[1,1,3,1]"		0.215939986	0.213146	0.20630183	26143.4	0.95	0.159203	0.280288	NA	NA	NA	NA	NA	NA	NA						
"ySigma[2,1,3,1]"		0.149686185	0.1475955	0.144121985	25384.3	0.95	0.107434	0.193794	NA	NA	NA	NA	NA	NA	NA						
"ySigma[1,2,3,1]"		0.19094756	0.188421	0.182995384	22947.9	0.95	0.135494	0.250024	NA	NA	NA	NA	NA	NA	NA						
"ySigma[2,2,3,1]"		0.176720531	0.1742005	0.169351813	23798.5	0.95	0.126887	0.230496	NA	NA	NA	NA	NA	NA	NA						
"ySigma[1,1,1,2]"		0.144327529	0.142163	0.140740405	23788.1	0.95	0.100843	0.193135	NA	NA	NA	NA	NA	NA	NA						
"ySigma[2,1,1,2]"		0.145659969	0.1435795	0.139839471	24972.2	0.95	0.103368	0.191835	NA	NA	NA	NA	NA	NA	NA						
"ySigma[1,2,1,2]"		0.178117429	0.1749695	0.167693377	21691.1	0.95	0.121353	0.239391	NA	NA	NA	NA	NA	NA	NA						
"ySigma[2,2,1,2]"		0.192769499	0.1901475	0.188464885	25014.9	0.95	0.137886	0.251528	NA	NA	NA	NA	NA	NA	NA						
"ySigma[1,1,2,2]"		0.11756098	0.115612	0.111635322	20480.1	0.95	0.0797995	0.158816	NA	NA	NA	NA	NA	NA	NA						
"ySigma[2,1,2,2]"		0.152972307	0.150415	0.146766518	21690.2	0.95	0.10551	0.20469	NA	NA	NA	NA	NA	NA	NA						
"ySigma[1,2,2,2]"		0.136523707	0.134441	0.130505998	24772.4	0.95	0.096511	0.181226	NA	NA	NA	NA	NA	NA	NA						
"ySigma[2,2,2,2]"		0.200741619	0.1981245	0.190817759	25357.6	0.95	0.146586	0.260269	NA	NA	NA	NA	NA	NA	NA						
"ySigma[1,1,3,2]"		0.263076929	0.25938	0.252959622	22836.9	0.95	0.188768	0.344867	NA	NA	NA	NA	NA	NA	NA						
"ySigma[2,1,3,2]"		0.262137157	0.2589975	0.254514862	23846.3	0.95	0.188991	0.338467	NA	NA	NA	NA	NA	NA	NA						
"ySigma[1,2,3,2]"		0.22192127	0.2188855	0.210041235	23922.9	0.95	0.159494	0.291961	NA	NA	NA	NA	NA	NA	NA						
"ySigma[2,2,3,2]"		0.219929389	0.2168135	0.209277439	24379.5	0.95	0.155633	0.287614	NA	NA	NA	NA	NA	NA	NA						
"ySigma[1,1,1,3]"		0.167365741	0.16413	0.160954465	18543.2	0.95	0.109616	0.231259	NA	NA	NA	NA	NA	NA	NA						
"ySigma[2,1,1,3]"		0.115343376	0.113577	0.110689083	24813.8	0.95	0.0826823	0.152489	NA	NA	NA	NA	NA	NA	NA						
"ySigma[1,2,1,3]"		0.142190681	0.13978	0.133254936	21805.1	0.95	0.097331	0.19028	NA	NA	NA	NA	NA	NA	NA						
"ySigma[2,2,1,3]"		0.184128561	0.181024	0.176554663	20945.5	0.95	0.125696	0.245168	NA	NA	NA	NA	NA	NA	NA						
"ySigma[1,1,2,3]"		0.15973074	0.157673	0.153340655	24900.3	0.95	0.116451	0.20788	NA	NA	NA	NA	NA	NA	NA						
"ySigma[2,1,2,3]"		0.298661334	0.295352	0.294529909	24704.3	0.95	0.218349	0.381206	NA	NA	NA	NA	NA	NA	NA						
"ySigma[1,2,2,3]"		0.232248512	0.229614	0.222493466	25360.2	0.95	0.170264	0.299706	NA	NA	NA	NA	NA	NA	NA						
"ySigma[2,2,2,3]"		0.229889543	0.226862	0.224559	23502.1	0.95	0.163628	0.301417	NA	NA	NA	NA	NA	NA	NA						
"ySigma[1,1,3,3]"		0.386500789	0.3823835	0.373556657	23051.2	0.95	0.287965	0.497562	NA	NA	NA	NA	NA	NA	NA						
"ySigma[2,1,3,3]"		0.348041182	0.343333	0.335921742	24786.2	0.95	0.255215	0.450443	NA	NA	NA	NA	NA	NA	NA						
"ySigma[1,2,3,3]"		0.276171721	0.2725295	0.266428491	24323.7	0.95	0.197666	0.364307	NA	NA	NA	NA	NA	NA	NA						
"ySigma[2,2,3,3]"		0.248821127	0.245516	0.241014518	23128.1	0.95	0.176577	0.32656	NA	NA	NA	NA	NA	NA	NA						
"ySigma[1,1,1,4]"		0.225614121	0.22261	0.219208939	23791.7	0.95	0.160996	0.295487	NA	NA	NA	NA	NA	NA	NA						
"ySigma[2,1,1,4]"		0.21513373	0.21232	0.208090482	25149.6	0.95	0.159049	0.278768	NA	NA	NA	NA	NA	NA	NA						
"ySigma[1,2,1,4]"		0.273700802	0.26978	0.260897702	22138	0.95	0.194193	0.360625	NA	NA	NA	NA	NA	NA	NA						
"ySigma[2,2,1,4]"		0.227427055	0.2247885	0.215369296	23774.8	0.95	0.163241	0.293735	NA	NA	NA	NA	NA	NA	NA						
"ySigma[1,1,2,4]"		0.232607885	0.2296195	0.221587063	24763.7	0.95	0.17006	0.301672	NA	NA	NA	NA	NA	NA	NA						
"ySigma[2,1,2,4]"		0.419939127	0.4154945	0.410276073	23900.8	0.95	0.315843	0.53684	NA	NA	NA	NA	NA	NA	NA						
"ySigma[1,2,2,4]"		0.243556843	0.2405865	0.234394682	25742.1	0.95	0.177968	0.315447	NA	NA	NA	NA	NA	NA	NA						
"ySigma[2,2,2,4]"		0.283234107	0.2793075	0.275982912	21393.9	0.95	0.202084	0.370591	NA	NA	NA	NA	NA	NA	NA						
"ySigma[1,1,3,4]"		0.395070727	0.3907375	0.381086414	23820.6	0.95	0.293658	0.49993	NA	NA	NA	NA	NA	NA	NA						
"ySigma[2,1,3,4]"		0.405968859	0.4015785	0.394496939	23994.7	0.95	0.302419	0.518539	NA	NA	NA	NA	NA	NA	NA						
"ySigma[1,2,3,4]"		0.345087761	0.340993	0.335612408	22602.2	0.95	0.248671	0.453135	NA	NA	NA	NA	NA	NA	NA						
"ySigma[2,2,3,4]"		0.29113397	0.2875795	0.282841569	25964	0.95	0.214175	0.376609	NA	NA	NA	NA	NA	NA	NA						
sigmaMode		0.177114366	0.1773675	0.177854665	17847	0.95	0.147028	0.206538	NA	NA	NA	NA	NA	NA	NA						
sigmaSD		0.094236731	0.09289995	0.088605308	15678.6	0.95	0.0693903	0.121213	NA	NA	NA	NA	NA	NA	NA						
nu		5.544138227	5.450855	5.275277646	8761.5	0.95	4.08674	7.15767	NA	NA	NA	NA	NA	NA	NA						
